person: 93.02796919335225
bicycle: 93.47826086956522
car: 83.4983498349835
motorcycle: 93.10344827586206
airplane: 83.6734693877551
bus: 89.20863309352518
train: 90.69767441860465
truck: 62.84153005464481
boat: 81.81818181818181
traffic light: 84.33734939759036
fire hydrant: 100.0
stop sign: 74.54545454545455
parking meter: 92.3076923076923
bench: 73.75
bird: 82.85714285714286
cat: 93.7007874015748
dog: 84.94623655913979
horse: 59.42857142857143
sheep: 75.0
cow: 72.88135593220339
elephant: 77.22772277227723
bear: 90.0
zebra: 100.0
giraffe: 94.73684210526316
backpack: 68.75
umbrella: 83.03571428571429
handbag: 58.9041095890411
tie: 83.0
suitcase: 82.14285714285714
frisbee: 81.53846153846153
skis: 91.01123595505618
snowboard: 68.75
sports ball: 82.0
kite: 79.7872340425532
baseball bat: 72.41379310344827
baseball glove: 91.17647058823529
skateboard: 88.88888888888889
surfboard: 87.76978417266187
tennis racket: 95.48872180451127
bottle: 84.48275862068965
wine glass: 81.08108108108108
cup: 66.15384615384616
fork: 79.59183673469387
knife: 57.333333333333336
spoon: 50.0
bowl: 75.1937984496124
banana: 91.11111111111111
apple: 85.71428571428571
sandwich: 74.07407407407408
orange: 87.5
broccoli: 96.7741935483871
carrot: 74.35897435897436
hot dog: 66.66666666666667
pizza: 98.11320754716981
donut: 54.76190476190476
cake: 52.99145299145299
chair: 72.1311475409836
couch: 78.94736842105263
potted plant: 70.0
bed: 58.24175824175824
dining table: 68.86543535620052
toilet: 75.48387096774194
tv: 90.3225806451613
laptop: 90.36144578313252
mouse: 80.85106382978724
remote: 64.47368421052632
keyboard: 89.83050847457628
cell phone: 65.85365853658537
microwave: 60.60606060606061
oven: 77.77777777777777
sink: 72.39263803680981
refrigerator: 80.3921568627451
book: 65.34653465346534
clock: 73.49397590361446
vase: 71.25
scissors: 73.33333333333333
teddy bear: 69.76744186046511
toothbrush: 56.25
